[header]
width=20
height=20
tilewidth=32
tileheight=32
orientation=orthogonal
background_color=0,0,0,255

[tilesets]
tileset=MapAssets/DungeonCrawl_ProjectUtumnoTileset.png,32,32,0,0

[layer]
type=Background
data=
2876,2876,2876,2876,2876,1093,1093,1093,1093,1093,1093,1093,1093,1093,1093,2876,2876,2876,2876,2876,
2876,2876,2876,2876,2876,1093,1093,0,0,0,0,0,0,1093,1093,2876,2876,2876,2876,2876,
2876,2876,1093,1093,1093,1093,1093,0,0,0,0,0,0,1093,1093,1093,1093,1093,2876,2876,
2876,2876,1093,0,0,0,0,0,0,0,0,0,0,0,0,0,0,1093,2876,2876,
2876,2876,1093,0,0,0,0,0,0,0,0,0,0,0,0,0,0,1093,2876,2876,
2876,2876,1093,0,0,0,0,0,0,0,0,0,0,0,0,0,0,1093,2876,2876,
2876,2876,1093,0,0,0,0,0,0,0,0,0,0,0,0,0,0,1093,2876,2876,
2876,2876,1093,0,0,0,0,0,0,0,0,0,0,0,0,0,0,1093,2876,2876,
2876,2876,1093,0,0,0,0,0,0,0,0,0,0,0,0,0,0,1093,2876,2876,
2876,2876,1093,0,0,0,0,0,0,0,0,0,0,0,0,0,0,1093,2876,2876,
2876,2876,1093,0,0,0,0,0,0,0,0,0,0,0,0,0,0,1093,2876,2876,
2876,2876,1093,0,0,0,0,0,0,0,0,0,0,0,0,0,0,1093,2876,2876,
2876,2876,1093,0,0,0,0,0,0,0,0,0,0,0,0,0,0,1093,2876,2876,
2876,2876,1093,0,0,0,0,0,0,0,0,0,0,0,0,0,0,1093,2876,2876,
2876,2876,1093,0,0,0,0,0,0,0,0,0,0,0,0,0,0,1093,2876,2876,
2876,2876,1093,0,0,0,0,0,0,0,0,0,0,0,0,0,0,1093,2876,2876,
2876,2876,1093,0,0,0,0,0,0,0,0,0,0,0,0,0,0,1093,2876,2876,
2876,2876,1093,1093,1093,1093,1093,1093,1093,0,0,1093,1093,1093,1093,1093,1093,1093,2876,2876,
2876,2876,2876,2876,2876,2876,2876,1093,1093,0,0,1093,1093,2876,2876,2876,2876,2876,2876,2876,
2876,2876,2876,2876,2876,2876,2876,1093,1093,1093,1093,1093,1093,2876,2876,2876,2876,2876,2876,2876

[layer]
type=Floor
data=
0,0,0,0,0,0,0,0,0,0,0,0,0,0,0,0,0,0,0,0,
0,0,0,0,0,0,0,946,946,946,946,946,946,0,0,0,0,0,0,0,
0,0,0,0,0,0,0,946,946,946,946,946,946,0,0,0,0,0,0,0,
0,0,0,945,945,945,945,945,945,945,945,945,945,945,945,945,945,0,0,0,
0,0,0,945,945,945,945,945,945,945,945,945,945,945,945,945,945,0,0,0,
0,0,0,945,945,945,945,945,945,945,945,945,945,945,945,945,945,0,0,0,
0,0,0,945,945,945,945,945,945,945,945,945,945,945,945,945,945,0,0,0,
0,0,0,945,945,945,945,945,945,945,945,945,945,945,945,945,945,0,0,0,
0,0,0,945,945,945,945,945,945,945,945,945,945,945,945,945,945,0,0,0,
0,0,0,945,945,945,945,945,945,945,945,945,945,945,945,945,945,0,0,0,
0,0,0,945,945,945,945,945,945,945,945,945,945,945,945,945,945,0,0,0,
0,0,0,945,945,945,945,945,945,945,945,945,945,945,945,945,945,0,0,0,
0,0,0,945,945,945,945,945,945,945,945,945,945,945,945,945,945,0,0,0,
0,0,0,945,945,945,945,945,945,945,945,945,945,945,945,945,945,0,0,0,
0,0,0,946,945,945,945,945,945,945,945,945,945,945,945,945,945,0,0,0,
0,0,0,946,945,945,945,945,945,945,945,945,945,945,945,945,945,0,0,0,
0,0,0,946,945,945,945,945,945,945,945,945,945,945,945,945,945,0,0,0,
0,0,0,0,0,0,0,0,0,946,946,0,0,0,0,0,0,0,0,0,
0,0,0,0,0,0,0,0,0,946,946,0,0,0,0,0,0,0,0,0,
0,0,0,0,0,0,0,0,0,0,0,0,0,0,0,0,0,0,0,0

[layer]
type=Objects
data=
0,0,0,0,0,0,0,0,1213,0,0,1213,0,0,0,0,0,0,0,0,
0,0,0,0,0,0,0,0,0,2869,2936,0,0,0,0,0,0,0,0,0,
0,0,0,0,0,0,1213,0,0,0,0,0,0,1213,0,0,0,0,0,0,
0,0,0,780,0,0,0,0,0,0,0,0,0,0,0,0,780,0,0,0,
0,0,0,0,0,0,0,0,0,0,0,0,0,0,0,0,0,0,0,0,
0,0,1213,0,0,0,0,0,0,0,0,0,0,0,0,0,0,1213,0,0,
0,0,0,0,0,0,0,0,0,0,0,0,0,0,0,0,0,0,0,0,
0,0,0,0,0,0,0,0,0,0,0,0,0,0,0,0,0,0,0,0,
0,0,0,0,0,0,0,0,0,0,0,0,0,0,0,0,0,0,0,0,
0,0,0,0,0,0,0,0,0,0,0,0,0,0,0,0,0,0,0,0,
0,0,0,0,0,0,0,0,0,0,0,0,0,0,0,0,0,0,0,0,
0,0,0,0,0,0,0,0,0,0,0,0,0,0,0,0,0,0,0,0,
0,0,0,0,0,0,0,0,0,0,0,0,0,0,0,0,0,0,0,0,
0,0,0,0,0,0,0,0,0,0,0,0,0,0,0,0,0,0,0,0,
0,0,1213,0,0,0,0,0,0,0,0,0,0,0,0,0,0,1213,0,0,
0,0,0,0,0,0,0,0,0,0,0,0,0,0,0,0,0,0,0,0,
0,0,0,780,0,0,0,0,0,0,0,0,0,0,0,0,780,0,0,0,
0,0,0,0,0,0,0,0,1213,0,0,1213,0,0,0,0,0,0,0,0,
0,0,0,0,0,0,0,0,0,0,0,0,0,0,0,0,0,0,0,0,
0,0,0,0,0,0,0,0,0,0,0,0,0,0,0,0,0,0,0,0

