[header]
width=20
height=20
tilewidth=32
tileheight=32
orientation=orthogonal
background_color=0,0,0,255

[tilesets]
tileset=MapAssets/DungeonCrawl_ProjectUtumnoTileset.png,32,32,0,0

[layer]
type=Tile Layer 1
data=
0,0,0,0,0,0,0,0,0,0,0,0,0,0,0,0,0,0,0,0,
0,0,0,0,0,0,0,0,0,0,0,0,0,0,0,0,0,0,0,0,
0,0,810,810,810,810,810,810,810,810,810,810,810,810,810,810,810,810,0,0,
0,0,810,847,847,847,847,847,847,847,847,847,847,847,847,847,847,810,0,0,
0,0,810,847,847,847,847,847,847,847,847,847,847,847,847,847,847,810,0,0,
0,0,810,847,847,847,847,847,847,847,847,847,847,847,847,847,847,810,0,0,
0,0,810,847,847,847,847,847,847,847,847,847,847,847,847,847,847,810,0,0,
0,0,810,847,847,847,847,847,847,847,847,847,847,847,847,847,847,810,0,0,
0,0,810,847,847,847,847,847,847,847,847,847,847,847,847,847,847,810,0,0,
0,0,810,847,847,847,847,847,847,847,847,847,847,847,847,847,847,810,0,0,
0,0,810,847,847,847,847,847,847,847,847,847,847,847,847,847,847,810,0,0,
0,0,810,847,847,847,847,847,847,847,847,847,847,847,847,847,847,810,0,0,
0,0,810,847,847,847,847,847,847,847,847,847,847,847,847,847,847,810,0,0,
0,0,810,847,847,847,847,847,847,847,847,847,847,847,847,847,847,810,0,0,
0,0,810,847,847,847,847,847,847,847,847,847,847,847,847,847,847,810,0,0,
0,0,810,847,847,847,847,847,847,847,847,847,847,847,847,847,847,810,0,0,
0,0,810,847,847,847,847,847,847,847,847,847,847,847,847,847,847,810,0,0,
0,0,810,810,810,810,810,810,847,847,847,847,810,810,810,810,810,810,0,0,
0,0,0,0,0,0,0,810,847,847,847,847,810,0,0,0,0,0,0,0,
0,0,0,0,0,0,0,810,810,810,810,810,810,0,0,0,0,0,0,0

[layer]
type=Objects
data=
2876,2876,2876,2876,2876,2876,2876,2876,2876,2876,2876,2876,2876,2876,2876,2876,2876,2876,2876,2876,
2876,2876,2876,2876,2876,2876,2876,2876,2876,2876,2876,2876,2876,2876,2876,2876,2876,2876,2876,2876,
2876,2876,0,0,0,0,0,0,1210,0,0,1210,0,0,0,0,0,0,2876,2876,
2876,2876,0,0,0,0,0,0,780,2869,2936,780,0,0,0,0,0,0,2876,2876,
2876,2876,0,0,0,0,0,0,0,0,0,0,0,0,0,0,0,0,2876,2876,
2876,2876,0,0,0,0,0,0,0,0,0,0,0,0,0,0,0,0,2876,2876,
2876,2876,0,0,0,0,0,0,0,0,0,0,0,0,0,0,0,0,2876,2876,
2876,2876,0,0,0,0,0,0,0,0,0,0,0,0,0,0,0,0,2876,2876,
2876,2876,0,0,0,0,0,0,0,0,0,0,0,0,0,0,0,0,2876,2876,
2876,2876,0,0,0,0,0,0,0,0,0,0,0,0,0,0,0,0,2876,2876,
2876,2876,1210,0,0,0,0,0,0,0,0,0,0,0,0,0,0,1210,2876,2876,
2876,2876,0,0,0,0,0,0,0,0,0,0,0,0,0,0,0,0,2876,2876,
2876,2876,0,0,0,0,0,0,0,0,0,0,0,0,0,0,0,0,2876,2876,
2876,2876,0,0,0,0,0,0,0,0,0,0,0,0,0,0,0,0,2876,2876,
2876,2876,0,0,0,0,0,0,0,0,0,0,0,0,0,0,0,0,2876,2876,
2876,2876,0,0,0,0,0,0,0,0,0,0,0,0,0,0,0,0,2876,2876,
2876,2876,0,0,0,0,0,780,0,0,0,0,780,0,0,0,0,0,2876,2876,
2876,2876,0,0,0,0,0,1210,0,0,0,0,1210,0,0,0,0,0,2876,2876,
2876,2876,2876,2876,2876,2876,2876,0,0,0,0,0,0,2876,2876,2876,2876,2876,2876,2876,
2876,2876,2876,2876,2876,2876,2876,0,0,0,0,0,0,2876,2876,2876,2876,2876,2876,2876

