[header]
width=50
height=50
tilewidth=32
tileheight=32
orientation=orthogonal
background_color=0,0,0,255

[tilesets]
tileset=MapAssets/DungeonCrawl_ProjectUtumnoTileset.png,32,32,0,0

[layer]
type=Tile Layer 1
data=
2876,2876,814,728,814,2876,2876,2876,2876,2876,2876,2876,0,0,0,0,0,0,0,0,0,0,0,0,0,0,0,0,0,0,0,0,0,0,0,0,0,0,0,0,0,0,0,0,0,0,0,0,0,0,
2876,2876,814,828,814,2876,2876,2876,2876,2876,2876,2876,0,0,0,0,0,0,0,0,0,0,0,0,0,0,0,0,0,0,0,0,0,0,0,0,0,0,0,0,0,0,0,0,0,0,0,0,0,0,
2876,2876,814,828,814,814,814,814,814,814,2876,2876,0,0,0,0,0,0,0,0,0,0,0,0,0,0,0,0,0,0,0,0,0,0,0,0,0,0,0,0,0,0,0,0,0,0,0,0,0,0,
2876,2876,814,828,828,828,828,828,828,814,2876,2876,0,0,0,0,0,0,0,0,0,0,0,0,0,0,0,0,0,0,0,0,0,0,0,0,0,0,0,0,0,0,0,0,0,0,0,0,0,0,
2876,2876,814,828,828,828,828,828,828,814,2876,2876,2876,0,0,0,0,0,0,0,0,0,0,0,0,0,0,0,0,0,0,0,0,0,0,0,0,0,0,0,0,0,0,0,0,0,0,0,0,0,
2876,2876,814,814,814,814,828,828,828,814,2876,2876,2876,0,0,0,0,0,0,0,0,0,0,0,0,0,0,0,0,0,0,0,0,0,0,0,0,0,0,0,0,0,0,0,0,0,0,0,0,0,
2876,2876,2876,2876,2876,814,814,828,828,814,2876,2876,2876,2876,2876,2876,0,0,0,0,0,0,0,0,0,0,0,0,0,0,0,0,0,0,0,0,0,0,0,0,0,0,0,0,0,0,0,0,0,0,
2876,2876,2876,2876,814,814,814,828,828,814,2876,2876,2876,2876,2876,2876,0,0,0,0,0,0,0,0,0,0,0,0,0,0,0,0,0,0,0,0,0,0,0,0,0,0,0,0,0,0,0,0,0,0,
0,0,2876,2876,814,828,828,828,828,814,814,814,814,814,2876,2876,2876,2876,0,0,0,0,0,0,0,0,0,0,0,0,0,0,0,0,0,0,0,0,0,0,0,0,0,0,0,0,0,0,0,0,
0,0,2876,2876,814,828,828,828,828,828,828,828,828,814,2876,2876,2876,2876,0,0,0,0,0,0,0,0,0,0,0,0,0,0,0,0,0,0,0,0,0,0,0,0,0,0,0,0,0,0,0,0,
0,0,2876,2876,814,828,828,828,828,828,828,828,828,814,814,814,2876,2876,0,0,0,0,0,0,0,0,0,0,0,0,0,0,0,0,0,0,0,0,0,0,0,0,0,0,0,0,0,0,0,0,
0,0,2876,2876,814,828,828,828,828,828,828,828,828,828,828,814,2876,2876,2876,2876,2876,2876,2876,2876,2876,2876,2876,2876,2876,0,0,0,0,0,0,0,0,0,0,0,0,0,0,0,0,0,0,0,0,0,
0,0,2876,2876,814,828,828,828,828,828,828,828,828,828,828,814,2876,2876,2876,2876,2876,2876,2876,2876,2876,2876,2876,2876,2876,0,0,0,0,0,0,0,0,0,0,0,0,0,0,0,0,0,0,0,0,0,
0,0,2876,2876,814,814,814,814,828,828,828,828,828,828,828,814,814,814,814,814,814,814,814,814,814,814,814,2876,2876,0,0,0,0,0,0,0,0,0,0,0,0,0,0,0,0,0,0,0,0,0,
0,0,2876,2876,2876,2876,2876,814,828,828,828,828,828,828,828,828,828,828,828,828,828,828,828,828,828,828,814,2876,2876,0,0,0,0,0,0,0,0,0,0,0,0,0,0,0,0,0,0,0,0,0,
0,0,2876,2876,2876,2876,2876,814,814,814,814,814,828,828,828,828,828,828,828,828,828,828,828,828,828,828,814,2876,2876,2876,2876,2876,2876,0,0,0,0,0,0,0,0,0,0,0,0,0,0,0,0,0,
0,0,0,0,0,2876,2876,2876,2876,2876,2876,814,814,814,814,814,814,814,814,814,814,828,828,828,828,814,814,2876,2876,2876,2876,2876,2876,2876,2876,0,0,0,0,0,0,0,0,0,0,0,0,0,0,0,
0,0,0,0,0,2876,2876,2876,2876,2876,2876,2876,2876,2876,2876,2876,2876,2876,2876,2876,814,828,828,828,828,814,814,814,814,814,814,2876,2876,2876,2876,2876,0,0,0,0,0,0,0,0,0,0,0,0,0,0,
0,0,0,0,0,0,0,0,0,2876,2876,2876,2876,2876,2876,2876,2876,2876,2876,2876,814,814,828,828,828,828,828,828,828,828,814,814,814,2876,2876,2876,0,0,0,0,0,0,0,0,0,0,0,0,0,0,
0,0,0,0,0,0,0,0,0,0,0,0,0,0,0,0,0,0,2876,2876,814,814,814,828,828,828,828,828,828,828,828,828,814,814,2876,2876,0,0,0,0,0,0,0,0,0,0,0,0,0,0,
0,0,0,0,0,0,0,0,0,0,0,0,0,0,0,0,0,0,2876,2876,2876,2876,814,828,828,828,828,828,828,828,828,828,828,814,2876,2876,0,0,0,0,0,0,0,0,0,0,0,0,0,0,
0,0,0,0,0,0,0,0,0,0,0,0,0,0,0,0,0,0,2876,2876,2876,2876,814,828,828,828,828,828,828,828,828,828,828,814,2876,2876,2876,2876,2876,2876,2876,2876,2876,2876,2876,0,0,0,0,0,
0,0,0,0,0,0,0,0,0,0,0,0,0,0,0,0,0,0,0,0,2876,2876,814,814,828,828,828,828,828,828,828,828,828,814,2876,2876,2876,2876,2876,2876,2876,2876,2876,2876,2876,0,0,0,0,0,
0,0,0,0,0,0,0,0,0,0,0,0,0,0,0,0,0,0,0,0,2876,2876,2876,814,814,814,828,828,828,828,828,828,828,814,814,814,814,814,814,814,814,814,814,2876,2876,0,0,0,0,0,
0,0,0,0,0,0,0,0,0,0,0,0,0,0,0,0,0,0,0,0,2876,2876,2876,2876,2876,814,828,828,828,828,828,828,828,828,828,828,828,828,828,828,828,828,814,2876,2876,0,0,0,0,0,
0,0,0,0,0,0,0,0,0,0,0,0,0,0,0,0,0,0,0,0,0,2876,2876,2876,2876,814,828,828,828,828,828,828,828,828,828,828,828,828,828,828,828,828,814,2876,2876,0,0,0,0,0,
0,0,0,0,0,0,0,0,0,0,0,0,0,0,0,0,0,0,0,0,0,0,0,2876,2876,814,814,814,814,814,814,814,814,814,814,828,828,828,828,828,828,828,814,2876,2876,0,0,0,0,0,
0,0,0,0,0,0,0,0,0,0,0,0,0,0,0,0,0,0,0,0,0,0,0,2876,2876,2876,2876,2876,2876,2876,2876,2876,2876,2876,814,814,828,828,828,828,828,828,814,2876,2876,0,0,0,0,0,
0,0,0,0,0,0,0,0,2876,2876,2876,2876,2876,2876,2876,2876,2876,2876,2876,2876,2876,2876,2876,2876,2876,2876,2876,2876,2876,2876,2876,2876,2876,2876,2876,814,814,828,828,828,828,828,814,2876,2876,0,0,0,0,0,
0,0,0,0,0,0,0,0,2876,2876,2876,2876,2876,2876,2876,2876,2876,2876,2876,2876,2876,2876,2876,2876,2876,2876,2876,2876,2876,2876,2876,2876,2876,2876,2876,2876,814,814,828,828,828,828,814,2876,2876,0,0,0,0,0,
0,0,0,0,0,0,2876,2876,2876,2876,814,814,814,814,814,814,814,814,814,814,814,2876,2876,2876,2876,2876,2876,2876,2876,2876,2876,2876,2876,2876,2876,2876,2876,814,814,828,828,828,814,2876,2876,0,0,0,0,0,
0,0,0,0,0,0,2876,2876,2876,814,814,828,828,828,828,828,828,828,828,828,814,814,814,2876,2876,814,814,814,814,2876,2876,2876,2876,2876,814,814,814,814,814,814,828,828,814,2876,2876,0,0,0,0,0,
0,0,0,0,0,0,2876,2876,814,814,828,828,828,828,828,828,828,828,828,828,828,828,814,814,814,814,828,828,863,863,863,863,863,863,863,828,828,828,828,828,828,828,814,2876,2876,0,0,0,0,0,
0,0,0,0,0,0,2876,2876,814,828,828,828,828,828,828,828,828,828,828,828,828,828,828,828,828,828,828,828,863,863,863,863,863,863,863,828,828,828,828,828,828,828,814,2876,2876,2876,2876,2876,2876,2876,
0,0,0,0,0,0,2876,2876,814,828,828,828,828,828,828,828,828,828,828,828,828,828,828,828,828,828,828,828,814,2876,2876,2876,2876,2876,814,814,814,814,814,814,814,814,814,2876,2876,814,814,814,814,814,
0,0,0,0,0,0,2876,2876,814,828,828,828,828,828,828,828,828,828,828,828,828,828,814,814,814,814,814,814,814,2876,2876,2876,2876,2876,2876,2876,2876,2876,2876,2876,2876,2876,2876,2876,2876,814,814,994,814,814,
0,0,0,0,0,0,2876,2876,814,828,828,828,828,828,828,828,828,828,828,828,828,828,814,2876,2876,2876,2876,2876,2876,2876,2876,2876,2876,2876,2876,2876,2876,2876,2876,2876,2876,2876,2876,2876,2876,814,828,828,828,814,
0,0,0,0,0,0,2876,2876,814,828,828,828,828,828,828,828,828,828,828,828,828,828,814,2876,2876,2876,2876,2876,2876,2876,2876,2876,2876,2876,2876,2876,2876,2876,2876,2876,2876,2876,2876,2876,2876,814,828,828,828,814,
0,0,0,0,0,0,2876,2876,814,828,828,828,828,828,828,828,828,828,828,828,828,828,814,2876,2876,2876,2876,2876,2876,2876,2876,2876,2876,2876,2876,2876,2876,2876,2876,2876,2876,2876,2876,2876,2876,814,828,828,828,814,
0,0,0,0,0,0,2876,2876,814,828,828,828,828,828,828,828,828,828,828,828,828,814,814,2876,2876,2876,2876,2876,2876,2876,2876,2876,2876,2876,2876,2876,2876,2876,2876,2876,2876,2876,2876,814,814,814,828,828,828,814,
0,0,0,0,0,0,2876,2876,814,828,828,828,828,828,828,828,828,828,828,828,814,814,2876,2876,2876,2876,2876,2876,2876,2876,2876,2876,2876,2876,2876,2876,2876,2876,2876,2876,2876,814,814,814,828,828,828,828,828,814,
0,0,0,0,0,0,2876,2876,814,828,828,828,828,828,828,828,828,814,814,814,814,2876,2876,2876,2876,2876,2876,2876,2876,2876,2876,2876,2876,2876,2876,2876,2876,2876,2876,2876,2876,814,828,828,828,828,828,828,814,814,
0,0,0,0,0,0,2876,2876,814,828,828,828,828,814,814,814,814,814,2876,2876,2876,2876,2876,2876,2876,2876,2876,2876,2876,2876,2876,2876,2876,2876,2876,2876,2876,2876,2876,2876,2876,814,828,828,828,828,828,828,814,2876,
0,0,0,0,0,0,2876,2876,814,828,828,828,828,814,2876,2876,2876,2876,2876,2876,2876,2876,2876,2876,2876,2876,2876,2876,2876,2876,2876,2876,2876,2876,2876,2876,2876,2876,2876,2876,2876,814,828,828,828,828,828,828,814,2876,
0,0,0,0,0,0,2876,2876,814,828,828,828,828,814,2876,2876,2876,2876,2876,2876,2876,2876,2876,2876,2876,2876,2876,2876,2876,2876,2876,2876,2876,2876,2876,2876,2876,2876,2876,2876,2876,814,828,828,828,828,828,828,814,2876,
0,0,0,0,0,0,2876,2876,814,828,828,828,828,814,814,814,814,814,814,814,814,814,814,814,814,814,814,814,814,814,814,814,814,814,814,814,814,814,814,814,814,814,828,828,828,828,828,828,814,2876,
0,0,0,0,0,0,2876,2876,814,828,828,828,828,828,828,828,828,828,828,828,828,828,828,828,828,828,828,828,828,828,828,828,828,828,828,828,828,828,828,828,828,828,828,828,828,828,828,828,814,2876,
0,0,0,0,0,0,2876,2876,814,828,828,828,828,828,828,828,828,828,828,828,828,828,828,828,828,828,828,828,828,828,828,828,828,828,828,828,828,828,828,828,828,828,828,828,814,814,814,814,814,2876,
0,0,0,0,0,0,2876,2876,814,814,814,814,814,814,814,814,814,814,814,814,814,814,814,814,814,814,814,814,814,814,814,814,814,814,814,814,814,814,814,814,814,814,814,814,814,2876,2876,2876,2876,2876,
0,0,0,0,0,0,2876,2876,2876,2876,2876,2876,2876,2876,2876,2876,2876,2876,2876,2876,2876,2876,2876,2876,2876,2876,2876,2876,2876,2876,2876,2876,2876,2876,2876,2876,2876,2876,2876,2876,2876,2876,2876,2876,2876,2876,2876,2876,2876,2876

[layer]
type=Tile Layer 2
data=
0,0,1210,0,1210,0,0,0,0,0,0,0,0,0,0,0,0,0,0,0,0,0,0,0,0,0,0,0,0,0,0,0,0,0,0,0,0,0,0,0,0,0,0,0,0,0,0,0,0,0,
0,0,0,0,0,0,0,0,0,0,0,0,0,0,0,0,0,0,0,0,0,0,0,0,0,0,0,0,0,0,0,0,0,0,0,0,0,0,0,0,0,0,0,0,0,0,0,0,0,0,
0,0,0,0,0,0,0,0,0,1210,0,0,0,0,0,0,0,0,0,0,0,0,0,0,0,0,0,0,0,0,0,0,0,0,0,0,0,0,0,0,0,0,0,0,0,0,0,0,0,0,
0,0,0,0,0,0,0,0,0,0,0,0,0,0,0,0,0,0,0,0,0,0,0,0,0,0,0,0,0,0,0,0,0,0,0,0,0,0,0,0,0,0,0,0,0,0,0,0,0,0,
0,0,0,0,0,0,0,0,0,0,0,0,0,0,0,0,0,0,0,0,0,0,0,0,0,0,0,0,0,0,0,0,0,0,0,0,0,0,0,0,0,0,0,0,0,0,0,0,0,0,
0,0,0,0,0,0,0,0,0,0,0,0,0,0,0,0,0,0,0,0,0,0,0,0,0,0,0,0,0,0,0,0,0,0,0,0,0,0,0,0,0,0,0,0,0,0,0,0,0,0,
0,0,0,0,0,0,1210,0,0,0,0,0,0,0,0,0,0,0,0,0,0,0,0,0,0,0,0,0,0,0,0,0,0,0,0,0,0,0,0,0,0,0,0,0,0,0,0,0,0,0,
0,0,0,0,0,0,0,0,0,0,0,0,0,0,0,0,0,0,0,0,0,0,0,0,0,0,0,0,0,0,0,0,0,0,0,0,0,0,0,0,0,0,0,0,0,0,0,0,0,0,
0,0,0,0,0,0,0,0,0,0,0,1210,0,0,0,0,0,0,0,0,0,0,0,0,0,0,0,0,0,0,0,0,0,0,0,0,0,0,0,0,0,0,0,0,0,0,0,0,0,0,
0,0,0,0,0,0,0,0,0,0,0,0,0,0,0,0,0,0,0,0,0,0,0,0,0,0,0,0,0,0,0,0,0,0,0,0,0,0,0,0,0,0,0,0,0,0,0,0,0,0,
0,0,0,0,0,0,0,0,0,0,0,0,0,0,0,0,0,0,0,0,0,0,0,0,0,0,0,0,0,0,0,0,0,0,0,0,0,0,0,0,0,0,0,0,0,0,0,0,0,0,
0,0,0,0,0,0,0,0,0,0,0,0,0,0,0,0,0,0,0,0,0,0,0,0,0,0,0,0,0,0,0,0,0,0,0,0,0,0,0,0,0,0,0,0,0,0,0,0,0,0,
0,0,0,0,0,780,0,0,0,0,0,0,0,0,0,0,0,0,0,0,0,0,0,0,0,0,0,0,0,0,0,0,0,0,0,0,0,0,0,0,0,0,0,0,0,0,0,0,0,0,
0,0,0,0,0,0,0,0,0,0,0,0,0,0,0,0,0,0,0,1210,0,0,0,0,0,0,0,0,0,0,0,0,0,0,0,0,0,0,0,0,0,0,0,0,0,0,0,0,0,0,
0,0,0,0,0,0,0,0,0,0,0,0,0,0,0,0,0,0,0,0,0,0,0,0,0,0,0,0,0,0,0,0,0,0,0,0,0,0,0,0,0,0,0,0,0,0,0,0,0,0,
0,0,0,0,0,0,0,0,1210,0,0,0,2936,0,0,0,0,0,0,0,0,0,0,0,0,780,0,0,0,0,0,0,0,0,0,0,0,0,0,0,0,0,0,0,0,0,0,0,0,0,
0,0,0,0,0,0,0,0,0,0,0,0,0,0,0,1210,0,0,0,0,0,0,0,0,0,0,0,0,0,0,0,0,0,0,0,0,0,0,0,0,0,0,0,0,0,0,0,0,0,0,
0,0,0,0,0,0,0,0,0,0,0,0,0,0,0,0,0,0,0,0,0,0,0,0,0,0,0,0,1210,0,0,0,0,0,0,0,0,0,0,0,0,0,0,0,0,0,0,0,0,0,
0,0,0,0,0,0,0,0,0,0,0,0,0,0,0,0,0,0,0,0,0,0,0,0,0,0,0,0,0,0,0,0,0,0,0,0,0,0,0,0,0,0,0,0,0,0,0,0,0,0,
0,0,0,0,0,0,0,0,0,0,0,0,0,0,0,0,0,0,0,0,0,0,0,0,0,0,0,0,0,0,0,0,0,0,0,0,0,0,0,0,0,0,0,0,0,0,0,0,0,0,
0,0,0,0,0,0,0,0,0,0,0,0,0,0,0,0,0,0,0,0,0,0,0,0,0,0,0,0,0,0,0,0,0,0,0,0,0,0,0,0,0,0,0,0,0,0,0,0,0,0,
0,0,0,0,0,0,0,0,0,0,0,0,0,0,0,0,0,0,0,0,0,0,0,0,0,0,0,0,0,0,0,0,0,0,0,0,0,0,0,0,0,0,0,0,0,0,0,0,0,0,
0,0,0,0,0,0,0,0,0,0,0,0,0,0,0,0,0,0,0,0,0,0,0,0,0,0,0,0,0,0,0,0,0,0,0,0,0,0,0,0,0,0,0,0,0,0,0,0,0,0,
0,0,0,0,0,0,0,0,0,0,0,0,0,0,0,0,0,0,0,0,0,0,0,0,1210,0,0,0,0,0,0,0,0,0,0,0,0,0,0,0,1210,0,0,0,0,0,0,0,0,0,
0,0,0,0,0,0,0,0,0,0,0,0,0,0,0,0,0,0,0,0,0,0,0,0,0,0,0,0,0,0,0,0,0,0,0,0,0,0,0,0,0,0,0,0,0,0,0,0,0,0,
0,0,0,0,0,0,0,0,0,0,0,0,0,0,0,0,0,0,0,0,0,0,0,0,0,0,780,0,0,0,0,0,0,0,0,0,0,0,0,0,0,0,0,0,0,0,0,0,0,0,
0,0,0,0,0,0,0,0,0,0,0,0,0,0,0,0,0,0,0,0,0,0,0,0,0,0,0,0,0,1210,0,0,0,0,0,0,0,0,0,0,0,0,1210,0,0,0,0,0,0,0,
0,0,0,0,0,0,0,0,0,0,0,0,0,0,0,0,0,0,0,0,0,0,0,0,0,0,0,0,0,0,0,0,0,0,0,0,0,0,0,0,0,0,0,0,0,0,0,0,0,0,
0,0,0,0,0,0,0,0,0,0,0,0,0,0,0,0,0,0,0,0,0,0,0,0,0,0,0,0,0,0,0,0,0,0,0,0,0,0,0,0,0,0,0,0,0,0,0,0,0,0,
0,0,0,0,0,0,0,0,0,0,0,0,0,0,0,0,0,0,0,0,0,0,0,0,0,0,0,0,0,0,0,0,0,0,0,0,0,0,0,0,0,0,0,0,0,0,0,0,0,0,
0,0,0,0,0,0,0,0,0,0,0,0,0,0,0,1210,0,0,0,0,0,0,0,0,0,0,0,0,0,0,0,0,0,0,0,0,0,0,0,780,0,0,0,0,0,0,0,0,0,0,
0,0,0,0,0,0,0,0,0,0,0,0,0,0,0,0,0,0,0,0,0,0,0,0,0,0,0,0,0,0,0,0,0,0,0,0,0,0,1210,0,0,0,0,0,0,0,0,0,0,0,
0,0,0,0,0,0,0,0,0,0,0,0,0,0,0,0,0,0,0,0,0,0,0,0,1210,0,0,0,0,0,0,0,0,0,0,0,0,0,0,0,0,0,0,0,0,0,0,0,0,0,
0,0,0,0,0,0,0,0,0,0,0,0,0,0,0,0,0,0,0,0,0,0,0,0,0,0,0,0,0,0,0,0,0,0,0,0,0,0,0,0,0,0,0,0,0,0,0,0,0,0,
0,0,0,0,0,0,0,0,0,0,0,0,0,0,0,0,0,0,0,0,0,0,0,0,0,0,0,0,0,0,0,0,0,0,0,0,0,0,0,0,0,0,0,0,0,0,0,0,0,0,
0,0,0,0,0,0,0,0,0,0,0,0,0,0,0,0,0,0,0,0,0,0,0,0,0,0,0,0,0,0,0,0,0,0,0,0,0,0,0,0,0,0,0,0,0,0,1210,0,1210,0,
0,0,0,0,0,0,0,0,1210,0,0,0,0,0,0,0,0,0,0,0,0,0,0,0,0,0,0,0,0,0,0,0,0,0,0,0,0,0,0,0,0,0,0,0,0,0,0,0,0,0,
0,0,0,0,0,0,0,0,0,0,0,0,0,0,0,0,0,0,0,0,0,0,0,0,0,0,0,0,0,0,0,0,0,0,0,0,0,0,0,0,0,0,0,0,0,0,0,0,0,0,
0,0,0,0,0,0,0,0,0,0,0,0,0,0,0,0,0,0,0,0,0,2936,0,0,0,0,0,0,0,0,0,0,0,0,0,0,0,0,0,0,0,0,0,0,0,0,0,0,0,0,
0,0,0,0,0,0,0,0,0,0,0,0,0,0,0,0,0,0,0,0,0,0,0,0,0,0,0,0,0,0,0,0,0,0,0,0,0,0,0,0,0,0,0,0,1210,0,0,0,0,0,
0,0,0,0,0,0,0,0,0,0,0,0,0,0,0,0,0,0,780,0,0,0,0,0,0,0,0,0,0,0,0,0,0,0,0,0,0,0,0,0,0,0,0,0,0,0,0,0,780,0,
0,0,0,0,0,0,0,0,0,0,0,0,0,0,0,0,0,0,1210,0,0,0,0,0,0,0,0,0,0,0,0,0,0,0,0,0,0,0,0,0,0,0,0,0,0,0,0,0,0,0,
0,0,0,0,0,0,0,0,0,0,0,0,0,0,0,0,0,0,0,0,0,0,0,0,0,0,0,0,0,0,0,0,0,0,0,0,0,0,0,0,0,0,0,0,0,0,0,0,0,0,
0,0,0,0,0,0,0,0,0,0,0,0,0,1210,0,0,0,0,0,0,0,0,0,0,0,0,0,0,0,0,0,0,0,0,0,0,0,0,0,0,0,0,0,0,0,0,0,0,1210,0,
0,0,0,0,0,0,0,0,0,0,0,0,0,0,0,0,0,0,0,0,0,0,0,0,0,0,0,0,0,0,0,0,0,0,0,0,0,0,0,0,0,0,0,0,0,0,0,0,0,0,
0,0,0,0,0,0,0,0,0,0,0,0,0,0,0,0,0,0,0,0,0,0,0,0,0,0,1210,0,0,0,0,0,0,0,0,0,0,0,0,0,1210,0,0,0,0,0,0,0,0,0,
0,0,0,0,0,0,0,0,1210,0,0,0,0,0,0,0,0,0,0,0,0,0,0,0,0,0,0,0,0,0,0,0,0,0,0,0,0,0,0,0,0,0,0,0,0,0,0,2936,0,0,
0,0,0,0,0,0,0,0,0,780,0,0,0,0,0,0,0,0,0,0,0,0,0,0,0,0,0,0,0,0,0,0,0,0,0,0,0,0,0,0,0,0,0,780,0,0,0,0,0,0,
0,0,0,0,0,0,0,0,0,0,0,0,0,0,0,0,0,1210,0,0,0,0,0,0,0,0,0,0,0,0,0,0,0,0,1210,0,0,0,0,0,0,0,0,0,0,0,0,0,0,0,
0,0,0,0,0,0,0,0,0,0,0,0,0,0,0,0,0,0,0,0,0,0,0,0,0,0,0,0,0,0,0,0,0,0,0,0,0,0,0,0,0,0,0,0,0,0,0,0,0,0

