[header]
width=20
height=20
tilewidth=32
tileheight=32
orientation=orthogonal
background_color=0,0,0,255

[tilesets]
tileset=MapAssets/DungeonCrawl_ProjectUtumnoTileset.png,32,32,0,0

[layer]
type=Tile Layer 1
data=
0,0,0,0,0,0,0,0,0,0,0,0,0,0,0,0,0,0,0,0,
0,855,855,855,855,855,855,855,855,855,855,855,855,855,855,855,855,855,855,0,
0,855,847,847,847,847,847,847,847,847,847,847,847,847,847,847,847,847,855,0,
0,855,847,847,847,847,847,847,847,847,847,847,847,847,847,847,847,847,855,0,
0,855,847,847,847,847,847,847,847,847,847,847,847,847,847,847,847,847,855,0,
0,855,847,847,847,847,847,847,847,847,847,847,847,847,847,847,847,847,855,0,
0,855,847,847,847,847,847,847,847,847,847,847,847,847,847,847,847,847,855,0,
0,855,847,847,847,847,847,847,847,847,847,847,847,847,847,847,847,847,855,0,
0,855,847,847,847,847,847,847,847,847,847,847,847,847,847,847,847,847,855,0,
0,855,847,847,847,847,847,847,847,847,847,847,847,847,847,847,847,847,855,0,
0,855,847,847,847,847,847,847,847,847,847,847,847,847,847,847,847,847,855,0,
0,855,847,847,847,847,847,847,847,847,847,847,847,847,847,847,847,847,855,0,
0,855,855,847,847,847,847,847,847,847,847,847,847,847,847,847,847,855,855,0,
0,0,855,855,847,847,847,847,847,847,847,847,847,847,847,847,855,855,0,0,
0,0,0,855,855,847,847,847,847,847,847,847,847,847,847,855,855,0,0,0,
0,0,0,0,855,855,847,847,847,847,847,847,847,847,855,855,0,0,0,0,
0,0,0,0,0,855,855,847,847,847,847,847,847,855,855,0,0,0,0,0,
0,0,0,0,0,0,855,855,847,847,847,847,855,855,0,0,0,0,0,0,
0,0,0,0,0,0,0,855,847,847,847,847,855,0,0,0,0,0,0,0,
0,0,0,0,0,0,0,855,855,855,855,855,855,0,0,0,0,0,0,0

[layer]
type=Tile Layer 2
data=
0,0,0,0,0,0,0,0,0,0,0,0,0,0,0,0,0,0,0,0,
0,0,0,0,0,0,0,1210,0,0,0,0,1210,0,0,0,0,0,0,0,
0,0,791,0,0,0,0,0,0,2869,2924,0,0,0,0,0,0,791,0,0,
0,0,0,0,0,0,0,0,0,0,0,0,0,0,0,0,0,0,0,0,
0,0,0,0,0,0,0,0,0,0,0,0,0,0,0,0,0,0,0,0,
0,0,0,0,0,0,0,0,0,0,0,0,0,0,0,0,0,0,0,0,
0,0,0,0,0,0,0,0,0,0,0,0,0,0,0,0,0,0,0,0,
0,0,0,0,0,0,0,0,0,0,0,0,0,0,0,0,0,0,0,0,
0,0,0,0,0,0,0,0,0,0,0,0,0,0,0,0,0,0,0,0,
0,1210,0,0,0,0,0,0,0,0,0,0,0,0,0,0,0,0,1210,0,
0,0,0,0,0,0,0,0,0,0,0,0,0,0,0,0,0,0,0,0,
0,0,0,0,0,0,0,0,0,0,0,0,0,0,0,0,0,0,0,0,
0,0,0,0,0,0,0,0,0,0,0,0,0,0,0,0,0,0,0,0,
0,0,0,0,0,0,0,0,0,0,0,0,0,0,0,0,0,0,0,0,
0,0,0,0,0,0,0,0,0,0,0,0,0,0,0,0,0,0,0,0,
0,0,0,0,0,0,0,0,0,0,0,0,0,0,0,0,0,0,0,0,
0,0,0,0,0,0,0,0,0,0,0,0,0,0,0,0,0,0,0,0,
0,0,0,0,0,0,0,1210,0,0,0,0,1210,0,0,0,0,0,0,0,
0,0,0,0,0,0,0,0,0,0,0,0,0,0,0,0,0,0,0,0,
0,0,0,0,0,0,0,0,0,0,0,0,0,0,0,0,0,0,0,0

